
A = [25,19,20,3; 2,14,2,14;8,4,1,0;25,31,25,16]

b = [3.85;2.3;.8;5.95]